4 0.21373755180885579 0.24567243675099867 0.10730856510568067 0.42743009320905456
4 0.35095178259972604 0.22569906790945404 0.1231409763507811 0.34221038615179755
4 0.5048780030382025 0.2403462050599201 0.09147615386058021 0.40346205059920104
4 0.683432418746835 0.22836218375499331 0.10554940830066947 0.35818908122503323
4 0.8373586391853116 0.26498002663115816 0.1372142307908702 0.2636484687083887
4 0.2942189756381163 0.692410119840213 0.07652332101798547 0.36218375499334216
4 0.1512874852309596 0.6904127829560585 0.10379025149565829 0.3501997336884155
4 0.489045591793102 0.7063914780292941 0.16184242606102636 0.38482023968042595
4 0.656165488269161 0.7223701731025303 0.11258603552071382 0.4274300932090547
4 0.8342801147765418 0.72237017310253 0.1187430843382536 0.3555259653794941
