2 0.5752330226364852 0.3015978695073236 0.14913448735019982 0.20905459387483333
2 0.3402130492676432 0.6904127829560587 0.18774966711051938 0.2170439414114516
2 0.5099866844207721 0.49667110519307583 0.15978695073235696 0.15712383488681747
2 0.7583222370173104 0.5805592543275633 0.18508655126498 0.16245006657789618
2 0.3075898801597869 0.29427430093209045 0.20239680426098533 0.17842876165113175
2 0.8342210386151797 0.29360852197070575 0.16111850865512636 0.15845539280958726
2 0.6664447403462048 0.8475366178428761 0.16378162450066575 0.15312916111850866
2 0.13515312916111835 0.6631158455392804 0.21704394141145109 0.16777629826897436
2 0.10585885486018633 0.37683089214380827 0.17443408788282272 0.15179760319573898
2 0.47802929427430074 0.8402130492676423 0.18109187749667138 0.1810918774966707
2 0.9247669773635154 0.4520639147802929 0.1504660452729692 0.17709720372836216
2 0.570572569906791 0.0985352862849534 0.1531291611185086 0.17842876165113183
