0 0.3215712383488681 0.844207723035952 0.21704394141145134 0.15712383488681753
0 0.6158455392809586 0.4993342210386142 0.10785619174434055 0.1677762982689743
0 0.6291611185086547 0.35153129161118535 0.13981358189081183 0.1438082556591214
0 0.213715046604527 0.5379494007989339 0.1717709720372833 0.1624500665778961
0 0.34420772303595215 0.4127829560585884 0.12916111850865514 0.15179760319573887
0 0.43608521970705694 0.686418109187749 0.14780292942743 0.1478029294274304
0 0.4720372836218377 0.3268974700399466 0.18774966711051955 0.1717709720372836
0 0.5739014647137135 0.9247669773635124 0.15179760319573868 0.15046604527296836
0 0.4187749667110521 0.5379494007989346 0.15579227696404757 0.1571238348868176
0 0.1624500665778961 0.6784287616511322 0.17043941411451385 0.155792276964048
0 0.3082556591211716 0.6111850865512646 0.12916111850865566 0.18641810918775023
