0 0.3236332889480692 0.2569906790945404 0.6419392809587217 0.5113182423435415
0 0.5265145139813582 0.6025299600532624 0.22197070572569907 0.2463382157123835
0 0.3702471371504659 0.8761651131824226 0.09056404793608536 0.17310252996005338
0 0.7329472703062578 0.7709720372836213 0.14472490013315606 0.16511318242343573
0 0.556702529960052 0.9280958721704397 0.11187323568575172 0.14114513981358143
0 0.1340703062583221 0.8009320905459366 0.1207520639147801 0.12649800266311517
0 0.7857762982689753 0.597869507323568 0.10299440745672443 0.12250332889480661
0 0.27391185086551223 0.6944074567243672 0.09500346205059908 0.12916111850865525
0 0.20598881491344873 0.8701731025299597 0.09766711051930771 0.12117177097203675
0 0.4825643142476693 0.8229027962716355 0.0861246338215713 0.10652463382157107
0 0.9429315579227685 0.9494007989347534 0.09589134487350187 0.10119840213049258
0 0.8426007989347529 0.7936085219707059 0.08878828229027964 0.12516644474034647
0 0.0475017310252996 0.9014647137150466 0.08257310252996004 0.11717709720372767
0 0.955927829560585 0.7609853528628499 0.08814434087882882 0.23568575233022637
0 0.7635792276964048 0.9547270306258322 0.07458215712383492 0.0825565912117176
