0 0.706391478029294 0.8209054593874836 0.15845539280958693 0.17709720372836218
0 0.49800266311584473 0.6178428761651122 0.16511318242343478 0.21571238348868121
0 0.46804260985352725 0.24500665778961417 0.17177097203728292 0.18908122503328922
0 0.27829560585885493 0.2762982689747002 0.15446071904127803 0.2463382157123833
0 0.3555259653794936 0.46937416777629776 0.213049267643142 0.18242343541944103
0 0.5599201065246344 0.4254327563248998 0.2010652463382159 0.15046604527296947
0 0.7862849533954727 0.4241011984021305 0.19840213049267633 0.155792276964048
0 0.6970705725699061 0.5825565912117175 0.21970705725699038 0.18242343541944006
0 0.5306258322237014 0.8641810918774965 0.16111850865512561 0.2210386151797603
0 0.3868175765645803 0.7782956058588542 0.19307589880159767 0.18242343541944067
0 0.21371504660452667 0.7862849533954727 0.16378162450066544 0.20106524633821599
0 0.1744340878828228 0.6657789613848196 0.16777629826897478 0.1597869507323573
0 0.1031957390146471 0.4533954727030614 0.1744340878828228 0.14247669773635244
0 0.10186418109187759 0.23701731025299602 0.13981358189081242 0.15446071904127828
0 0.8362183754993339 0.669773635153129 0.20772303595206304 0.1890812250332888
0 0.7057256990679077 0.28229027962716335 0.26364846870838793 0.14913448735019952
0 0.7256990679094538 0.13848202396804243 0.18109187749667047 0.2290279627163779
0 0.5565912117177099 0.08055925432756329 0.15179760319573934 0.1584553928095873
0 0.360852197070572 0.10985352862849519 0.17043941411451424 0.21970705725699038
0 0.15645805592543277 0.06524633821571231 0.21171770972037296 0.13049267643142462
0 0.3242343541944075 0.9327563249001333 0.16111850865512659 0.13448735019973337
0 0.16910785619174426 0.9340878828229029 0.17043941411451377 0.13182423435419377
0 0.07323568575233018 0.8268974700399471 0.13848202396804252 0.15712383488681794
0 0.9513981358189076 0.4247669773635153 0.0972037283621826 0.18908122503328897
0 0.890146471371504 0.9480692410119812 0.21970705725699177 0.10386151797603181
0 0.9400798934753662 0.11717709720372836 0.11984021304926756 0.23435419440745672
0 0.9766977363515312 0.9620505992010652 0.04660452729693745 0.014647137150465995
