0 0.772969374167776 0.2509986684420769 0.2996005326231691 0.43808255659121104
0 0.5079893475366178 0.30559254327563246 0.20372836218375504 0.2703062583222369
0 0.38948069241011984 0.8222370173102531 0.2942743009320908 0.2250332889480697
0 0.6291611185086551 0.8754993342210369 0.1930758988015979 0.22769640479360803
0 0.10785619174434097 0.5033288948069239 0.21571238348868194 0.2263648468708393
0 0.10386151797603196 0.7197070572569909 0.20772303595206393 0.2223701731025309
0 0.8135818908122492 0.5765645805592537 0.21304926764314336 0.23968042609853488
0 0.558588548601864 0.6324900133155793 0.29693741677763014 0.3089214380825567
0 0.06657789613848197 0.9141145139813583 0.13315579227696395 0.17177097203728348
0 0.32623169107856065 0.4374167776298263 0.3382157123834875 0.3981358189081227
0 0.4986684420772303 0.07723035952063924 0.3155792276964042 0.15446071904127848
