1 0.20322694740346228 0.7842876165113182 0.21579768641810937 0.2769640479360844
1 0.1843708388814914 0.33288948069240987 0.24722453395472713 0.14647137150466022
1 0.532161284953395 0.7410119840213045 0.203226947403462 0.25699067909453993
1 0.18175193492010652 0.4846870838881488 0.29436480525965375 0.19973368841544584
1 0.4410234270972031 0.5592543275632493 0.18856108521970716 0.14380825565912125
1 0.6830101531291612 0.5858854860186418 0.20951231691078562 0.28229027962716374
1 0.40016852529960056 0.3255659121171771 0.17389522303595203 0.1824234354194407
1 0.5499698318908123 0.41544607190412775 0.1801805925432758 0.19707057256990665
1 0.7856711884154461 0.4267643142476698 0.28703187416777615 0.27296937416777645
1 0.6484406208388818 0.23901464713715015 0.1655147303595209 0.12916111850865503
1 0.29226968209054605 0.2043941411451396 0.1382781291611187 0.13981358189081214
