2 0.3581890812250333 0.8042609853528628 0.22370173102529953 0.19174434087882816
2 0.1471371504660453 0.3761651131824233 0.1264980026631159 0.11318242343541937
2 0.5645805592543277 0.713715046604527 0.20239680426098466 0.19174434087882816
2 0.12649800266311587 0.5912117177097204 0.14114513981358195 0.12250332889480696
2 0.6298268974700396 0.15978695073235685 0.1065246338215713 0.1438082556591211
2 0.8109187749667106 0.4740346205059918 0.2210386151797602 0.1970705725699071
2 0.4194407456724366 0.24300932090545943 0.19174434087882805 0.23834886817576564
2 0.4820239680426095 0.5352862849533945 0.22636484687083855 0.22370173102529992
2 0.649800266311584 0.5412782956058587 0.1145139813581892 0.20106524633821546
2 0.7203728362183753 0.29627163781624505 0.2050599201065242 0.2170439414114515
2 0.26031957390146476 0.6225033288948069 0.18508655126498003 0.1691078561917444
2 0.7729693741677766 0.6245006657789606 0.14513981358189057 0.1917443408788281
