3 0.3848202396804261 0.5379494007989348 0.25033288948069243 0.20772303595206387
3 0.788948069241012 0.5932090545938749 0.16378162450066583 0.1930758988015979
3 0.3235685752330227 0.8581890812250333 0.1331557922769641 0.1611185086551265
3 0.6165113182423432 0.6790945406125164 0.15179760319573882 0.1464713715046602
3 0.6005326231691079 0.10319573901464714 0.13049267643142484 0.1904127829560586
3 0.369507323568575 0.15246338215712382 0.25699067909454043 0.10785619174434084
3 0.655126498002663 0.2996005326231691 0.18109187749667113 0.15712383488681755
3 0.922103861517976 0.3721704394141143 0.1557922769640478 0.14513981358189063
3 0.2709720372836219 0.31358189081225035 0.12916111850865516 0.15579227696404785
3 0.663115845539281 0.9087882822902796 0.13848202396804268 0.12649800266311587
3 0.16844207723035964 0.81225033288948 0.17443408788282294 0.15179760319573893
3 0.12117177097203725 0.5066577896138479 0.1757656458055925 0.1424766977363513
3 0.4340878828229027 0.281624500665779 0.15978695073235677 0.14780292942743006
3 0.466711051930759 0.7343541944074568 0.17709720372836224 0.17709720372836216
3 0.8508655126497999 0.2023968042609853 0.17576564580559242 0.14913448735019957
3 0.9387483355525958 0.6964047936085219 0.12250332889480686 0.17576564580559245
