0 0.7503328894806923 0.7303595206391483 0.21970705725699113 0.19041278295605849
0 0.288948069241012 0.42743009320905423 0.17842876165113178 0.17576564580559212
0 0.5945406125166446 0.5952063914780293 0.19307589880159784 0.17842876165113217
0 0.5139813581890812 0.3095872170439414 0.1464713715046605 0.10785619174434082
0 0.8894806924101197 0.46005326231691074 0.15712383488681766 0.18508655126498005
0 0.4094540612516643 0.5379494007989348 0.18508655126497986 0.16245006657789665
0 0.7250332889480692 0.5006657789613848 0.1637816245006657 0.16245006657789632
0 0.9327563249001328 0.7217043941411453 0.1344873501997337 0.18375499334221035
0 0.808255659121173 0.6158455392809605 0.19707057256990598 0.16378162450066772
0 0.7683089214380827 0.3908122503328888 0.17043941411451374 0.1531291611185079
0 0.31957390146471376 0.2476697736351533 0.16511318242343553 0.14913448735019982
0 0.9141145139813583 0.3162450066577895 0.1717709720372832 0.14513981358189093
