0 0.8473886669625682 0.8169107856191746 0.22844960927517505 0.23834886817576556
0 0.5148085381108021 0.18575233022636486 0.14982044143162665 0.18242343541944078
0 0.54509139329379 0.8741677762982696 0.19976058857550213 0.17976031957390157
0 0.36817576564580556 0.7716378162450063 0.164696229942568 0.2303595206391478
0 0.4398983173949885 0.600532623169108 0.19976058857550208 0.13848202396804313
0 0.20985487363649813 0.7709720372836222 0.15407066672046693 0.21837549933422123
0 0.607250938143082 0.5326231691078562 0.1774469058090895 0.17842876165113183
0 0.8086053612018991 0.4866844207723034 0.2125112644420231 0.19840213049267624
0 0.3076100552798288 0.3288948069241007 0.1498204414316263 0.1651131824234353
0 0.4765565105112376 0.3422103861517975 0.17319668052024922 0.1944074567243675
0 0.19816675409218687 0.5033288948069238 0.2773272000968407 0.21837549933422074
0 0.7942608508520625 0.27296937416777617 0.24545051043053737 0.16245006657789618
0 0.5833434208933541 0.7050599201065243 0.18275968742014 0.19307589880159776
0 0.7873542347576965 0.6438082556591218 0.2741395311302093 0.1877496671105196
