4 0.511318242343542 0.83288948069241 0.23968042609853527 0.1637816245006657
4 0.1431424766977364 0.6677762982689748 0.11318242343541965 0.20372836218375492
4 0.10852197070572571 0.40878828229027947 0.1637816245006658 0.24500665778961372
4 0.329560585885486 0.25565912117177086 0.19573901464713722 0.22103861517976026
4 0.5446071904127829 0.16644474034620504 0.20505992010652455 0.24234354194407456
4 0.8009320905459387 0.48202396804261044 0.2090545938748336 0.19174434087882822
4 0.573901464713715 0.4480692410119838 0.21571238348868169 0.16644474034620488
4 0.5938748335552597 0.6284953395472703 0.21837549933422118 0.15978695073235683
4 0.36085219707057264 0.6431424766977364 0.22103861517976037 0.18375499334221032
4 0.2849533954727028 0.8195739014647141 0.1864181091877495 0.1504660452729692
4 0.7443408788282284 0.7343541944074572 0.14380825565912123 0.23568575233022648
