0 0.5140734949179021 0.582986982703039 0.0539483971852993 0.09327462518689106
0 0.5957779515246284 0.5829869827030436 0.05160281469898351 0.0850445111998134
0 0.25175918686473653 0.452676844574296 0.14855355746677015 0.21398296366404565
0 0.12314308053166512 0.14129391108733466 0.2353401094605156 0.2825878221746693
0 0.39601250977325897 0.25583995171666385 0.10711493354182924 0.21809802065758482
0 0.5723221266614529 0.30316310714236694 0.068803752931978 0.11796496714812851
0 0.2677873338545736 0.6598013799157776 0.05707584050039091 0.06035416923857681
0 0.28381548084440866 0.7379874627930236 0.05003909304143832 0.052124055251496146
0 0.34753713838936606 0.7036953211801964 0.05863956215793649 0.07955776854176004
0 0.5813135261923331 0.8381205163024775 0.08835027365128872 0.10424811050299371
0 0.8854573885848225 0.6035622676707324 0.16810007818608072 0.23592993429625364
0 0.8217357310398739 0.355973005226122 0.12197028928850645 0.13579688078679908
0 0.7881157154026565 0.10700176947450687 0.36121970289288813 0.21400353894901375
0 0.439014855355745 0.886815357392697 0.06802189210320543 0.09190293952237882
