4 0.059000485201358616 0.17176128093158646 0.10092188258127134 0.3406113537117901
4 0.30742358078602616 0.46142649199417723 0.11955361475012123 0.32314410480349326
4 0.5550703541969917 0.7576419213973787 0.15060650169820525 0.4847161572052389
4 0.7239204269771955 0.7445414847161572 0.14051431344007753 0.5109170305676856
4 0.9083454633672975 0.7685589519650655 0.18330907326540513 0.46288209606986896
4 0.3070354196991751 0.14483260553129543 0.12964580300824824 0.286754002911208
4 0.1773896166909267 0.15720524017467238 0.12343522561863171 0.3085880640465792
4 0.42814167879670073 0.2729257641921398 0.10169820475497326 0.5080058224163029
4 0.532557011159631 0.24308588064046582 0.08539543910722942 0.4366812227074236
4 0.6210577389616688 0.2489082969432315 0.08384279475982537 0.44541484716157215
4 0.8500727802037841 0.24526928675400292 0.12421154779233388 0.44395924308588064
4 0.9560407569141194 0.259825327510917 0.08617176128093164 0.4526928675400291
4 0.7270257156720038 0.2540029112081514 0.1218825812712275 0.4556040756914119
4 0.07452692867540028 0.7372634643377002 0.13663270257156718 0.5080058224163029
