2 0.31225033288948073 0.8468708388814917 0.17177097203728373 0.28229027962716396
2 0.4087882822902796 0.16111850865512645 0.2210386151797602 0.14380825565912114
2 0.17177097203728361 0.35286284953395497 0.1704394141145139 0.1757656458055925
2 0.11784287616511319 0.5272969374167777 0.20639147802929428 0.17043941411451408
2 0.4846870838881487 0.3628495339547269 0.21038615179760323 0.12117177097203749
2 0.45872170439414117 0.5259653794940075 0.18242343541944092 0.162450066577896
2 0.8968042609853515 0.5006657789613851 0.13981358189081222 0.1704394141145137
2 0.8482023968042607 0.2123834886817577 0.2450066577896138 0.15312916111850858
2 0.5512649800266312 0.7117177097203732 0.2796271637816242 0.17177097203728364
2 0.6737683089214382 0.10186418109187752 0.2316910785619176 0.12916111850865516
2 0.7529960053262319 0.3561917443408788 0.27030625832223687 0.1930758988015978
2 0.8881491344873497 0.8888149134487345 0.22370173102529856 0.2223701731025295
2 0.12849533954727033 0.7057256990679096 0.21704394141145145 0.18375499334221032
2 0.31025299600532597 0.5985352862849541 0.2503328894806927 0.1398135818908127
2 0.599866844207723 0.23635153129161096 0.2170439414114513 0.1264980026631157
2 0.32689747003994685 0.3468708388814914 0.1531291611185085 0.24367509986684413
2 0.6737683089214369 0.5319573901464694 0.25565912117177114 0.2729693741677754
