0 0.8193177258268095 0.1205059920106525 0.24881666294089594 0.1824234354194408
0 0.594494098240927 0.1271637816245006 0.2043851159871647 0.1584553928095871
0 0.24348487730644844 0.45472703062583236 0.184835235327523 0.16111850865512659
0 0.23904172261107534 0.8089214380825561 0.2719210673568367 0.18242343541944092
0 0.5216263612368072 0.8435419440745678 0.2577029723316419 0.19041278295605923
0 0.801545107045316 0.42143808255659115 0.23104404415940355 0.19041278295605862
0 0.702018441868957 0.6225033288948069 0.15639904527713497 0.20905459387483322
0 0.5118514209069867 0.27430093209054596 0.2097169016216126 0.13581890812250336
0 0.5340671943838525 0.6411451398135817 0.17950344969307527 0.17709720372836218
0 0.4745289214658526 0.4207723035952067 0.19549880659641858 0.1544607190412786
0 0.22304636570773212 0.6058588548601862 0.1795034496930753 0.1970705725699067
0 0.7144592750160021 0.2456724367509986 0.19549880659641847 0.1557922769640478
0 0.39988392258358296 0.5685752330226361 0.18483523532752286 0.15446071904127828
0 0.40254981540080725 0.7296937416777629 0.16528535466788113 0.13848202396804254
