3 0.5605858854860182 0.6950732356857522 0.23169107856191737 0.2103861517976032
3 0.3861517976031958 0.46404793608521977 0.1890812250332889 0.20372836218375498
3 0.8195739014647132 0.4041278295605858 0.16910785619174443 0.1504660452729691
3 0.34087882822902815 0.6984021304926757 0.18375499334221035 0.2170439414114512
3 0.6917443408788282 0.5479360852197069 0.2463382157123837 0.16910785619174437
3 0.5159786950732357 0.2949400798934753 0.1850865512649799 0.21704394141145136
3 0.3002663115845535 0.19573901464713703 0.18242343541944053 0.2023968042609852
3 0.6298268974700398 0.10585885486018644 0.2343541944074567 0.16644474034620507
3 0.18175765645805583 0.3155792276964048 0.2063914780292942 0.18641810918774973
3 0.22436750998668437 0.5532623169107858 0.1744340878828228 0.18242343541944128
3 0.8382157123834882 0.1950732356857524 0.14780292942743026 0.16111850865512667
3 0.18708388814913446 0.7043941411451398 0.13981358189081222 0.14913448735019977
3 0.10452729693741673 0.4647137150466044 0.1770972037283621 0.19440745672436732
3 0.7796271637816236 0.7270306258322244 0.1744340878828231 0.20772303595206304
